  -41 0.02
-4.54  -46 0.02
-5.02  -51 0.02
-5.33  -54 0.02
-5.80  -58 0.02
-6.38  -64 0.02
-6.61  -66 0.02
-6.76  -67 0.02
-6.87  -68 0.02
-6.88  -68 0.02
-6.90  -68 0.02
-6.74  -67 0.02
-5.62  -54 0.02
-4.11  -39 0.02
-2.23  -20 0.02
-2.50  -24 0.02
-2.22  -21 0.02
-1.65  -15 0.02
-1.18  -10 0.02
-0.92  -8 0.02
-0.73  -6 0.02
-0.29  -2 0.02
0.20  2 0.02
0.14  1 0.01
0.13  1 0.01
0.08  0 0.02
-0.09  -1 0.01
-0.36  -3 0.02
-0.57  -6 0.02
-0.81  -8 0.02
-0.92  -9 0.02
-0.88  -8 0.02
-0.78  -7 0.02
-0.65  -6 0.02
-0.51  -4 0.02
-0.33  -2 0.02
-0.10  0 0.02
0.15  2 0.01
0.45  5 0.02
0.71  7 0.01
0.97  10 0.01
1.28  13 0.02
1.58  16 0.02
1.85  19 0.01
2.14  21 0.02
2.33  23 0.01
2.65  27 0.02
2.85  29 0.01
2.99  30 0.01
3.04  30 0.02
3.22  32 0.01
3.28  33 0.02
3.29  33 0.02
3.26  32 0.01
3.46  34 0.01
3.58  35 0.02
3.66  36 0.01
3.63  36 0.02
3.57  35 0.01
3.47  34 0.02
3.52  34 0.02
2.90  27 0.01
2.44  23 0.01
1.81  17 0.02
1.39  12 0.01
0.93  8 0.01
0.39  2 0.01
0.04  0 0.01
-0.40  -4 0.02
-0.67  -7 0.02
-0.85  -8 0.02
-1.05  -11 0.02
-1.25  -13 0.02
-1.52  -15 0.02
-1.80  -18 0.02
-2.21  -22 0.02
-2.54  -26 0.02
-2.92  -30 0.02
-3.78  -38 0.02
-3.93  -39 0.02
-4.10  -40 0.02
-3.78  -36 0.02
-3.15  -29 0.02
-2.20  -19 0.02
-0.64  -3 0.02
0.94  13 0.02
2.56  29 0.02
4.32  45 0.02
5.74  59 0.02
6.20  62 0.01
6.70  66 0.01
5.61  53 0.02
4.46  41 0.01
3.15  28 0.01
1.38  10 0.02
-0.18  -5 0.01
-1.83  -21 0.02
-3.30  -35 0.02
-4.55  -47 0.02
-5.38  -54 0.02
-5.77  -57 0.02
-5.69  -56 0.02
-5.63  -54 0.02
-4.89  -47 0.02
-3.51  -32 0.02
-2.36  -20 0.02
-0.41  0 0.02
1.16  15 0.02
2.47  27 0.01
4.15  44 0.02
5.52  57 0.01
6.59  67 0.02
7.27  73 0.02
7.15  70 0.01
6.44  62 0.02
5.64  54 0.01
4.49  42 0.02
3.62  34 0.02
2.76  25 0.01
1.63  14 0.01
0.43  1 0.02
-0.28  -4 0.01
-1.29  -14 0.02
-1.74  -18 0.02
-1.92  -19 0.02
-1.88  -18 0.02
-1.75  -17 0.02
-1.51  -14 0.02
-1.29  -12 0.02
-0.97  -9 0.02
-0.67  -6 0.02
-0.40  -3 0.02
-0.18  -1 0.02
-0.00  0 0.02
0.01  0 0.01
0.03  0 0.01
0.01  0 0.01
-0.09  -1 0.01
-0.25  -2 0.02
-0.42  -4 0.02
-0.66  -7 0.02
-0.91  -9 0.02
-1.20  -12 0.02
-1.57  -16 0.02
-1.99  -20 0.02
-2.75  -28 0.02
-2.94  -29 0.02
-2.93  -29 0.02
-2.74  -26 0.02
-2.64  -25 0.02
-2.34  -22 0.02
-1.78  -16 0.02
-1.06  -8 0.02
-0.22  0 0.02
0.62  7 0.01
1.31  14 0.01
2.08  22 0.02
2.86  30 0.01
3.63  37 0.02
4.17  42 0.01
4.80  49 0.02
5.30  53 0.02
5.48  55 0.01
5.67  56 0.01
5.34  53 0.02
5.13  51 0.01
4.99  49 0.02
5.15  51 0.01
4.97  49 0.02
4.64  46 0.02
4.95  50 0.01
4.99  51 0.01
5.67  58 0.02
6.50  67 0.02
7.16  73 0.01
8.18  84 0.02
9.39  96 0.01
10.27  105 0.02
11.57  118 0.02
12.77  130 0.02
14.26  145 0.02
15.55  158 0.02
17.13  174 0.02
18.56  188 0.02
20.38  207 0.02
23.62  241 0.02
23.18  229 0.02
21.72  214 0.02
19.36  188 0.02
16.90  164 0.02
14.96  145 0.02
13.28  129 0.02
11.77  114 0.02
10.55  102 0.02
9.04  87 0.02
8.10  78 0.01
7.29  70 0.02
6.48  63 0.02
5.48  53 0.01
5.18  50 0.01
4.94  47 0.02
4.57  43 0.01
3.42  31 0.02
1.99  16 0.01
0.43  1 0.01
-1.03  -13 0.02
-2.74  -29 0.02
-3.87  -40 0.02
-4.53  -46 0.02
-4.89  -49 0.02
-5.23  -51 0.02
-4.71  -46 0.02
-3.98  -38 0.02
-3.30  -31 0.02
-2.48  -23 0.02
-1.79  -16 0.02
-1.23  -10 0.02
-0.86  -7 0.02
-0.46  -3 0.02
0.24  3 0.02
0.92  10 0.02
1.39  15 0.01
1.91  20 0.01
2.54  26 0.02
3.21  33 0.02
3.96  40 0.02
4.60  46 0.01
4.71  46 0.01
4.42  43 0.02
3.78  36 0.02
3.07  29 0.01
2.05  18 0.02
1.01  8 0.01
0.22  0 0.01
-0.68  -8 0.01
-1.53  -16 0.02
-1.96  -20 0.02
-2.33  -24 0.02
-2.74  -28 0.02
-3.11  -31 0.02
-3.38  -33 0.02
-3.31  -33 0.02
-3.25  -32 0.02
-3.21  -31 0.02
-2.74  -26 0.02
-2.27  -21 0.02
-1.67  -15 0.02
-1.16  -11 0.02
-0.87  -8 0.02
-0.95  -9 0.02
-0.96  -9 0.02
-1.01  -10 0.02
-0.86  -8 0.02
-0.73  -7 0.02
-0.74  -7 0.02
-0.86  -9 0.02
-1.23  -13 0.02
-1.71  -17 0.02
-2.08  -21 0.02
-2.36  -24 0.02
-2.66  -27 0.02
-2.98  -30 0.02
-3.42  -35 0.02
-4.02  -41 0.02
-4.56  -46 0.02
-4.88  -49 0.02
-5.23  -52 0.02
-5.21  -51 0.02
-4.93  -48 0.02
-4.45  -43 0.02
-3.64  -34 0.02
-2.98  -28 0.02
-2.45  -22 0.02
-1.76  -15 0.02
-1.15  -9 0.02
-0.26  0 0.02
0.36  5 0.01
1.21  13 0.01
1.92  20 0.02
2.41  24 0.02
2.68  27 0.01
2.84  28 0.02
3.10  31 0.01
3.17  31 0.01
3.12  31 0.02
3.01  30 0.01
3.14  31 0.02
3.38  34 0.01
3.62  36 0.02
3.95  39 0.02
4.17  41 0.01
4.22  41 0.01
4.07  39 0.02
3.64  35 0.01
3.18  30 0.01
2.76  26 0.02
2.23  20 0.02
1.58  14 0.02
0.93  7 0.01
0.36  2 0.01
-0.19  -3 0.01
-0.68  -7 0.02
-0.87  -9 0.02
-1.02  -10 0.02
-1.10  -11 0.02
-1.10  -10 0.02
-1.06  -10 0.02
-0.93  -8 0.02
-0.76  -7 0.02
-0.60  -5 0.02
-0.39  -3 0.02
-0.14  0 0.02
0.03  0 0.01
0.21  2 0.02
0.38  4 0.01
0.54  5 0.01
0.70  7 0.01
0.89  9 0.01
1.08  11 0.01
1.34  13 0.02
1.60  16 0.01
1.86  19 0.02
2.13  21 0.02
2.41  24 0.01
2.63  26 0.02
3.01  30 0.01
2.87  28 0.02
2.88  28 0.02
2.72  26 0.01
2.52  24 0.01
2.37  23 0.02
2.17  21 0.01
2.07  20 0.02
2.06  20 0.01
2.06  20 0.02
2.16  21 0.02
2.14  21 0.01
2.17  21 0.01
2.14  21 0.02
2.01  19 0.02
2.01  19 0.01
1.96  19 0.02
1.84  18 0.01
1.92  19 0.02
1.90  18 0.01
1.73  17 0.01
1.57  15 0.02
1.45  14 0.02
1.39  13 0.01
1.37  13 0.02
1.32  13 0.01
1.28  12 0.02
1.26  12 0.01
1.33  13 0.01
1.38  13 0.02
1.38  13 0.01
1.43  14 0.02
1.46  14 0.02
1.51  15 0.01
1.47  14 0.01
1.55  15 0.02
1.73  17 0.01
1.90  19 0.02
2.00  20 0.01
1.88  18 0.02
1.84  18 0.02
1.86  18 0.01
1.84  18 0.01
1.72  17 0.02
1.67  16 0.01
1.60  15 0.01
1.48  14 0.02
1.33  13 0.01
1.09  10 0.02
0.99  9 0.01
1.01  10 0.01
1.07  10 0.02
1.16  11 0.02
1.32  13 0.01
1.65  16 0.02
1.84  18 0.01
1.92  19 0.02
1.92  19 0.02
1.88  18 0.01
1.76  17 0.02
1.61  15 0.01
1.41  13 0.02
1.13  10 0.02
0.81  7 0.01
0.54  4 0.01
0.14  0 0.02
-0.23  -3 0.01
-0.76  -8 0.02
-1.43  -15 0.02
-2.12  -22 0.02
-2.64  -27 0.02
-3.13  -31 0.02
-3.20  -31 0.02
-2.80  -26 0.02
-2.23  -20 0.02
-1.29  -10 0.02
-0.24  0 0.02
0.76  9 0.02
1.64  18 0.01
2.38  25 0.01
3.12  32 0.02
3.78  39 0.02
4.43  45 0.01
4.61  46 0.02
4.92  49 0.01
4.96  49 0.02
4.91  48 0.02
4.53  44 0.01
4.28  42 0.01
3.93  38 0.02
3.70  36 0.02
3.39  33 0.02
3.14  31 0.01
3.20  32 0.01
3.34  33 0.02
3.59  36 0.01
3.75  38 0.01
3.95  40 0.02
4.58  46 0.02
4.93  49 0.02
5.16  52 0.01
5.25  52 0.01
5.30  53 0.02
5.33  53 0.01
5.27  52 0.01
5.00  49 0.02
5.08  50 0.01
4.94  49 0.02
4.75  47 0.02
4.73  47 0.01
4.71  47 0.02
4.83  48 0.02
4.89  48 0.01
4.96  49 0.02
5.06  50 0.01
5.05  49 0.02
4.26  39 0.02
3.21  29 0.01
1.62  11 0.01
-1.16  -18 0.02
-4.48  -52 0.02
-8.22  -89 0.02
-11.12  -117 0.02
-15.47  -161 0.02
-18.14  -186 0.02
-20.71  -211 0.02
-22.84  -232 0.02
-25.05  -255 0.02
-26.97  -273 0.02
-29.39  -298 0.02
-31.65  -321 0.02
-33.96  -344 0.02
-36.87  -375 0.02
-38.99  -396 0.02
-42.24  -428 0.02
-46.21  -469 0.02
-49.68  -504 0.02
-54.42  -553 0.02
-59.07  -599 0.02
-64.02  -650 0.02
-69.47  -704 0.02
-74.38  -753 0.02
-76.66  -773 0.02
-80.45  -812 0.02
-82.25  -828 0.02
-84.53  -850 0.02
-85.01  -852 0.02
-86.15  -864 0.02
-86.20  -862 0.02
-85.59  -855 0.02
-84.94  -847 0.02
-83.80  -835 0.02
-82.58  -823 0.02
-81.23  -809 0.02
-79.90  -796 0.02
-79.18  -789 0.02
-78.31  -781 0.02
-77.19  -769 0.02
-76.24  -760 0.02
-75.40  -751 0.02
-74.34  -740 0.02
-73.15  -728 0.02
-70.68  -701 0.02
-67.86  -672 0.02
-64.30  -634 0.02
-60.21  -592 0.02
-55.97  -549 0.02
-50.78  -495 0.02
-45.19  -439 0.02
-39.26  -379 0.02
-33.69  -323 0.02
-27.16  -258 0.02
-21.03  -197 0.02
-14.47  -131 0.02
-7.93  -66 0.02
-1.78  -5 0.02
4.10  51 0.02
9.60  106 0.02
14.44  153 0.02
18.74  194 0.02
21.60  220 0.02
23.44  236 0.02
23.42  233 0.02
21.98  216 0.02
19.41  189 0.02
16.39  158 0.02
13.50  130 0.02
11.30  110 0.02
10.09  98 0.02
9.50  92 0.02
8.13  78 0.02
6.41  60 0.01
4.43  41 0.01
2.65  22 0.02
0.90  6 0.01
-0.33  -5 0.01
-1.76  -19 0.02
-1.99  -20 0.02
-1.87  -17 0.02
-1.27  -11 0.02
-0.44  -2 0.02
0.43  6 0.02
1.08  12 0.01
1.94  21 0.02
2.85  30 0.01
3.56  36 0.02
4.13  42 0.02
4.53  45 0.01
4.12  40 0.01
3.91  38 0.02
3.41  33 0.02
3.08  30 0.01
2.73  26 0.02
2.21  21 0.01
1.76  16 0.02
1.27  12 0.01
1.01  9 0.01
0.75  7 0.01
0.70  6 0.01
0.61  6 0.01
0.58  6 0.01
0.86  9 0.01
1.15  12 0.01
1.73  18 0.02
2.41  25 0.01
3.05  32 0.01
3.81  39 0.02
4.71  49 0.02
5.64  58 0.02
6.39  65 0.01
7.13  72 0.01
7.92  80 0.02
8.25  82 0.01
8.43  84 0.01
8.40  83 0.02
7.79  76 0.01
7.01  68 0.02
6.20  60 0.02
5.01  48 0.01
3.78  35 0.02
2.78  25 0.02
2.03  18 0.01
1.19  10 0.02
0.25  1 0.01
-0.06  -1 0.01
-0.71  -8 0.02
-1.54  -16 0.02
-1.81  -18 0.02
-1.92  -19 0.02
-2.09  -21 0.02
-2.03  -20 0.02
-2.13  -21 0.02
-1.62  -15 0.02
-1.14  -10 0.02
-0.63  -4 0.02
-0.09  0 0.02
0.61  7 0.02
1.27  14 0.01
2.05  22 0.01
2.82  29 0.01
3.66  37 0.02
4.23  43 0.01
4.45  44 0.01
4.82  48 0.02
4.72  46 0.02
4.45  43 0.01
3.73  35 0.02
3.01  28 0.01
1.98  17 0.02
1.07  8 0.02
0.21  0 0.01
-0.41  -5 0.01
-1.02  -11 0.02
-1.61  -17 0.02
-2.20  -23 0.02
-2.83  -29 0.02
-2.96  -29 0.02
-3.08  -31 0.02
-3.15  -31 0.02
-3.02  -29 0.02
-2.66  -25 0.02
-2.28  -21 0.02
-2.12  -20 0.02
-1.98  -18 0.02
-1.46  -13 0.02
-0.60  -4 0.02
0.21  3 0.02
0.87  10 0.01
1.67  18 0.02
2.36  24 0.01
2.81  28 0.01
3.25  33 0.02
3.51  35 0.01
3.65  35 0.02
3.19  30 0.02
2.52  23 0.01
1.85  17 0.01
0.96  7 0.02
0.29  1 0.01
-0.35  -4 0.01
-0.91  -10 0.02
-1.46  -15 0.02
-1.69  -16 0.02
-1.62  -15 0.02
-1.40  -13 0.02
-1.19  -11 0.02
-0.84  -7 0.02
-0.20  0 0.02
0.20  2 0.01
0.61  6 0.01
0.83  8 0.01
0.94  9 0.01
0.98  9 0.01
0.92  8 0.02
0.80  7 0.01
0.71  7 0.01
0.69  6 0.01
0.72  7 0.01
0.77  7 0.02
0.83  8 0.01
0.89  8 0.01
0.96  9 0.01
1.02  10 0.01
1.07  10 0.02
1.08  10 0.02
1.07  10 0.01
1.05  10 0.01
1.05  10 0.02
1.03  10 0.01
0.99  9 0.01
1.00  10 0.01
1.00  10 0.02
0.99  9 0.02
0.96  9 0.01
0.96  9 0.01
1.00  10 0.01
1.00  10 0.02
0.95  9 0.01
0.95  9 0.01
0.95  9 0.01
0.98  9 0.01
1.04  10 0.01
1.06  10 0.01
1.08  10 0.01
1.05  10 0.02
1.03  10 0.01
1.02  10 0.01
1.01  10 0.02
1.01  10 0.01
0.98  9 0.02
0.96  9 0.01
0.93  9 0.01
0.89  8 0.01
0.86  8 0.01
0.84  8 0.01
0.82  8 0.01
0.80  7 0.01
0.77  7 0.01
0.75  7 0.02
0.74  7 0.01
0.75  7 0.01
0.75  7 0.01
0.74  7 0.01
0.77  7 0.01
0.76  7 0.01
0.78  7 0.01
0.81  8 0.01
0.82  8 0.02
0.84  8 0.01
0.83  8 0.01
0.79  7 0.01
0.74  7 0.01
0.66  6 0.01
0.61  6 0.01
0.58  5 0.01
0.55  5 0.01
0.55  5 0.02
0.57  5 0.01
0.56  5 0.01
0.57  5 0.01
0.56  5 0.01
0.56  5 0.01
0.55  5 0.01
0.55  5 0.01
0.55  5 0.01
0.57  5 0.02
0.59  5 0.01
0.62  6 0.01
0.65  6 0.01
0.65  6 0.01
0.62  6 0.02
0.59  5 0.01
0.58  5 0.01
0.58  5 0.01
0.56  5 0.01
0.55  5 0.01
0.55  5 0.01
0.55  5 0.01
0.54  5 0.01
0.54  5 0.02
0.54  5 0.01
0.53  5 0.01
0.53  5 0.01
0.52  5 0.01
0.51  5 0.01
0.49  4 0.01
0.46  4 0.01
0.43  4 0.01
0.41  4 0.02
0.39  3 0.01
0.38  3 0.01
0.39  3 0.01
0.40  4 0.01
0.41  4 0.01
0.42  4 0.01
0.43  4 0.01
0.45  4 0.01
0.46  4 0.02
0.47  4 0.01
0.48  4 0.01
0.49  4 0.01
0.51  5 0.01
0.55  5 0.01
0.56  5 0.01
0.58  5 0.01
0.61  6 0.01
0.63  6 0.02
0.66  6 0.01
0.67  6 0.01
0.71  7 0.01
0.73  7 0.01
0.75  7 0.02
0.76  7 0.01
0.77  7 0.01
0.78  7 0.01
0.77  7 0.01
0.78  7 0.01
0.80  7 0.01
0.81  8 0.01
0.81  8 0.01
0.80  8 0.02
0.77  7 0.01
0.76  7 0.01
0.75  7 0.01
0.75  7 0.01
0.74  7 0.01
0.74  7 0.01
0.76  7 0.01
0.77  7 0.01
0.80  8 0.02
0.82  8 0.01
0.85  8 0.01
0.82  8 0.01
0.80  7 0.01
0.76  7 0.01
0.73  7 0.01
0.69  6 0.01
0.67  6 0.01
0.68  6 0.02
0.70  7 0.01
0.76  7 0.01
0.79  7 0.01
0.82  8 0.01
0.83  8 0.01
0.82  8 0.01
0.81  8 0.01
0.79  7 0.01
0.76  7 0.02
0.73  7 0.01
0.73  7 0.01
0.77  7 0.01
0.82  8 0.01
0.86  8 0.02
0.88  8 0.01
0.90  9 0.01
0.99  10 0.01
1.11  11 0.01
1.28  13 0.02
1.44  14 0.02
1.58  15 0.01
1.68  16 0.01
1.77  17 0.02
1.81  18 0.01
1.84  18 0.01
1.81  17 0.02
1.70  16 0.02
1.50  14 0.02
1.24  11 0.01
0.98  9 0.01
0.65  5 0.02
0.29  2 0.01
-0.06  0 0.01
-0.13  -1 0.02
0.01  0 0.02
0.22  2 0.01
0.48  5 0.01
0.70  7 0.01
0.92  9 0.01
1.10  11 0.02
1.23  12 0.01
1.38  14 0.02
1.48  14 0.01
1.55  15 0.01
1.63  16 0.02
1.54  15 0.01
1.47  14 0.01
1.39  13 0.02
1.30  12 0.02
1.20  11 0.01
1.03  10 0.02
0.89  8 0.01
0.77  7 0.02
0.58  5 0.01
0.36  3 0.01
0.28  2 0.01
0.25  2 0.01
0.29  3 0.01
0.37  3 0.01
0.46  4 0.01
0.55  5 0.01
0.62  6 0.02
0.67  6 0.01
0.73  7 0.01
0.76  7 0.01
0.79  7 0.01
0.81  8 0.01
0.82  8 0.01
0.82  8 0.01
0.82  8 0.01
0.80  7 0.02
0.79  7 0.01
0.76  7 0.01
0.71  6 0.01
0.65  6 0.01
0.58  5 0.01
0.52  5 0.01
0.46  4 0.01
0.46  4 0.01
0.49  4 0.01
0.54  5 0.01
0.58  5 0.01
0.63  6 0.01
0.66  6 0.01
0.67  6 0.01
0.68  6 0.01
0.69  6 0.01
0.65  6 0.01
0.63  6 0.01
0.60  5 0.01
0.57  5 0.01
0.55  5 0.01
0.54  5 0.01
0.56  5 0.02
0.57  5 0.01
0.59  5 0.01
0.61  6 0.01
0.63  6 0.01
0.64  6 0.01
0.64  6 0.01
0.64  6 0.01
0.62  6 0.01
0.61  6 0.02
0.60  6 0.01
0.60  6 0.01
0.61  6 0.01
0.61  6 0.01
0.61  6 0.01
0.62  6 0.01
0.63  6 0.01
0.63  6 0.01
0.63  6 0.01
0.62  6 0.01
0.62  6 0.01
0.61  6 0.01
0.61  6 0.01
0.61  6 0.01
0.60  6 0.01
0.61  6 0.01
0.61  6 0.01
0.59  5 0.01
0.59  5 0.01
0.59  5 0.01
0.59  5 0.01
0.60  5 0.01
0.59  5 0.01
0.59  5 0.01
0.60  5 0.01
0.60  5 0.01
0.60  5 0.01
0.60  5 0.01
0.58  5 0.01
0.57  5 0.01
0.58  5 0.01
0.57  5 0.02
0.57  5 0.01
0.57  5 0.01
0.57  5 0.01
0.58  5 0.01
0.57  5 0.01
0.57  5 0.01
0.56  5 0.01
0.55  5 0.01
0.55  5 0.01
0.55  5 0.01
0.56  5 0.01
0.57  5 0.01
0.57  5 0.01
0.58  5 0.01
0.59  5 0.01
0.59  5 0.01
0.59  5 0.01
0.60  5 0.01
0.57  5 0.01
0.57  5 0.01
0.57  5 0.01
0.57  5 0.01
0.58  5 0.01
0.58  5 0.01
0.58  5 0.01
0.59  5 0.01
0.59  5 0.01
0.58  5 0.01
0.58  5 0.01
0.57  5 0.01
0.57  5 0.01
0.57  5 0.01
0.57  5 0.01
0.57  5 0.01
0.57  5 0.01
0.57  5 0.01
0.57  5 0.01
0.57  5 0.01
0.57  5 0.01
0.57  5 0.01
0.58  5 0.01
0.57  5 0.02
0.57  5 0.01
0.56  5 0.01
0.57  5 0.01
0.58  5 0.01
0.59  5 0.01
0.59  5 0.01
0.58  5 0.01
0.59  5 0.01
0.59  5 0.01
0.56  5 0.01
0.56  5 0.01
0.56  5 0.01
0.57  5 0.01
0.58  5 0.01
0.58  5 0.01
0.58  5 0.01
0.59  5 0.01
0.59  5 0.01
0.59  5 0.01
0.59  5 0.01
0.58  5 0.01
0.58  5 0.01
0.59  5 0.01
0.59  5 0.01
0.60  5 0.01
0.60  5 0.01
0.60  5 0.01
0.61  6 0.01
0.59  5 0.01
0.59  5 0.01
0.59  5 0.01
0.59  5 0.02
0.58  5 0.01
0.58  5 0.01
0.57  5 0.01
0.57  5 0.01
0.57  5 0.01
0.57  5 0.01
0.57  5 0.01
0.57  5 0.01
0.57  5 0.02
0.58  5 0.01
0.58  5 0.01
0.58  5 0.01
0.58  5 0.01
0.57  5 0.01
0.58  5 0.01
0.58  5 0.01
0.58  5 0.01
0.60  5 0.01
0.60  6 0.01
0.60  6 0.01
0.61  6 0.01
0.62  6 0.01
0.62  6 0.01
0.62  6 0.01
0.61  6 0.01
0.60  5 0.01
0.59  5 0.01
0.59  5 0.01
0.59  5 0.01
0.59  5 0.01
0.59  5 0.01
0.60  5 0.02
0.60  5 0.01
0.59  5 0.01
0.59  5 0.01
0.59  5 0.01
0.58  5 0.01
0.57  5 0.01
0.58  5 0.01
0.58  5 0.01
0.58  5 0.02
0.60  5 0.01
0.61  6 0.01
0.60  6 0.01
0.60  6 0.01
0.61  6 0.01
0.61  6 0.01
0.60  6 0.01
0.59  5 0.01
0.59  5 0.02
0.59  5 0.01
0.61  6 0.01
0.61  6 0.01
0.61  6 0.01
0.61  6 0.01
0.61  6 0.01
0.61  6 0.01
0.60  6 0.01
0.58  5 0.01
0.58  5 0.01
0.58  5 0.01
0.58  5 0.01
0.58  5 0.01
0.58  5 0.02
0.60  5 0.01
0.61  6 0.01
0.61  6 0.01
0.61  6 0.01
0.61  6 0.01
0.59  5 0.01
0.59  5 0.01
0.59  5 0.01
0.59  5 0.02
0.60  6 0.01
0.60  6 0.01
0.61  6 0.01
0.61  6 0.01
0.61  6 0.01
0.61  6 0.01
0.61  6 0.01
0.60  5 0.01
0.60  6 0.02
0.60  5 0.01
0.59  5 0.01
0.60  5 0.01
0.60  5 0.01
0.59  5 0.01
0.60  5 0.01
0.59  5 0.01
0.59  5 0.01
0.59  5 0.02
0.56  5 0.01
0.56  5 0.01
0.56  5 0.01
0.56  5 0.01
0.57  5 0.02
0.57  5 0.01
0.58  5 0.01
0.58  5 0.01
0.58  5 0.01
0.58  5 0.01
0.59  5 0.01
0.58  5 0.01
0.58  5 0.01
0.58  5 0.02
0.58  5 0.01
0.59  5 0.01
0.59  5 0.01
0.60  5 0.01
0.60  5 0.01
0.59  5 0.01
0.60  5 0.01
0.60  5 0.01
0.58  5 0.02
0.57  5 0.01
0.57  5 0.01
0.56  5 0.01
0.56  5 0.01
0.57  5 0.01
0.58  5 0.01
0.59  5 0.01
0.58  5 0.01
0.59  5 0.02
0.59  5 0.01
0.57  5 0.01
0.57  5 0.01
0.57  5 0.01
0.57  5 0.01
0.57  5 0.01
0.57  5 0.01
0.58  5 0.01
0.59  5 0.02
0.59  5 0.01
0.60  5 0.01
0.60  6 0.01
0.59  5 0.01
0.58  5 0.02
0.58  5 0.01
0.58  5 0.01
0.59  5 0.01
0.60  5 0.01
0.61  6 0.01
0.62  6 0.01
0.62  6 0.01
0.63  6 0.01
0.62  6 0.02
0.61  6 0.01
0.60  6 0.01
0.60  6 0.01
0.59  5 0.01
0.60  5 0.01
0.59  5 0.01
0.60  5 0.01
0.60  5 0.01
0.61  6 0.02
0.61  6 0.01
0.62  6 0.01
0.61  6 0.01
0.62  6 0.01
0.62  6 0.01
0.60  6 0.01
0.62  6 0.01
0.62  6 0.01
0.63  6 0.02
0.64  6 0.01
0.64  6 0.01
0.64  6 0.01
0.65  6 0.01
0.65  6 0.01
0.65  6 0.01
0.64  6 0.01
0.63  6 0.01
0.63  6 0.02
0.63  6 0.01
0.64  6 0.01
0.64  6 0.01
0.64  6 0.01
0.64  6 0.02
0.64  6 0.01
0.63  6 0.01
0.63  6 0.01
0.64  6 0.01
0.63  6 0.01
0.63  6 0.01
0.63  6 0.01
0.63  6 0.01
0.63  6 0.02
0.63  6 0.01
0.64  6 0.01
0.64  6 0.01
0.65  6 0.01
0.65  6 0.01
0.65  6 0.01
0.64  6 0.01
0.65  6 0.01
0.65  6 0.02
0.64  6 0.01
0.64  6 0.01
0.66  6 0.01
0.66  6 0.01
0.66  6 0.01
0.66  6 0.01
0.66  6 0.01
0.65  6 0.01
0.63  6 0.02
0.62  6 0.01
0.61  6 0.01
0.61  6 0.01
0.61  6 0.01
0.62  6 0.01
0.62  6 0.01
0.63  6 0.01
0.62  6 0.01
0.62  6 0.02
0.63  6 0.01
0.63  6 0.01
0.62  6 0.01
0.61  6 0.01
0.62  6 0.02
0.61  6 0.01
0.63  6 0.01
0.63  6 0.01
0.63  6 0.01
0.63  6 0.01
0.63  6 0.01
0.63  6 0.01
0.63  6 0.01
0.61  6 0.02
0.60  6 0.01
0.61  6 0.01
0.61  6 0.01
0.62  6 0.01
0.63  6 0.01
0.63  6 0.01
0.63  6 0.01
0.63  6 0.01
0.63  6 0.02
0.62  6 0.01
0.60  5 0.01
0.60 